 0 version number
 1 - number of chemical species in the system
 'Al'  26.982 - element symbol and weight
 0 0.100000 6.000000 1.500000 1.000000 1
 12 2.00 2.20 2.40 2.60 2.80 3.00 3.40 3.80 4.20 4.60 5.00 5.40
 4 60 20 20 1
  4.07328794e-01  0.0000
  3.66106892e-01  0.0000
 -8.54926592e-02  0.0000
 -5.54124400e-01  0.0000
  4.48481849e-01  0.0000
 -2.36959607e-01  0.0000
 -7.84422251e-02  0.0000
  1.83456454e-01  0.0000
 -1.60429799e-01  0.0000
 -7.93549930e-02  0.0000
 -7.89687639e-01  0.0000
  6.05671160e-01  0.0000
 -4.06365035e-02  0.0000
 -2.63463458e-01  0.0000
 -3.25744762e-01  0.0000
  3.20867225e-01  0.0000
 -2.11229580e-01  0.0000
 -1.75538199e+00  0.0000
 -6.16804590e-02  0.0000
  6.75824153e-01  0.0000
  5.14068369e-01  0.0000
  4.80809107e-01  0.0000
 -2.71540539e-01  0.0000
 -3.81265347e-01  0.0000
  1.72408184e-01  0.0000
 -4.37276517e-01  0.0000
 -2.14005320e-01  0.0000
  2.10491540e-01  0.0000
 -4.32076897e-01  0.0000
 -2.37153442e-01  0.0000
 -1.89069641e-01  0.0000
  5.36624243e-02  0.0000
 -7.52559996e-02  0.0000
 -4.22388697e-01  0.0000
 -3.41793550e-01  0.0000
  1.55306796e-01  0.0000
 -1.21023846e-01  0.0000
  8.52146557e-02  0.0000
 -3.11718851e-01  0.0000
 -3.20900637e-02  0.0000
  3.67922530e-01  0.0000
  4.11912094e-01  0.0000
 -5.55539225e-01  0.0000
 -2.28399173e-01  0.0000
 -2.07297396e-01  0.0000
 -5.76882169e-01  0.0000
 -3.53132265e-01  0.0000
  4.77401598e-01  0.0000
 -8.54189964e-01  0.0000
 -3.54539933e-01  0.0000
  3.43508718e-01  0.0000
 -4.09270127e-01  0.0000
 -4.12813676e-01  0.0000
 -5.88572242e-01  0.0000
 -4.47957142e-01  0.0000
 -3.65393081e-02  0.0000
 -1.52681897e-01  0.0000
  6.04242937e-01  0.0000
 -6.19199542e-01  0.0000
 -1.17389807e+00  0.0000
  3.31370063e-01  0.0000
  3.73856177e-01  0.0000
 -8.32954016e-01  0.0000
  4.09263505e-02  0.0000
 -2.09074412e-01  0.0000
 -8.58850516e-01  0.0000
 -5.74736791e-01  0.0000
  6.89475041e-01  0.0000
 -1.02595729e+00  0.0000
 -3.46065680e-01  0.0000
  3.25788174e-01  0.0000
 -3.90411268e-01  0.0000
 -7.83446391e-01  0.0000
 -8.56993911e-01  0.0000
 -6.23771461e-01  0.0000
 -2.13935337e-01  0.0000
 -3.19915125e-01  0.0000
  3.66339538e-01  0.0000
 -8.78808973e-01  0.0000
  2.96872904e-01  0.0000
  1.64764004e-01  0.0000
  2.28696355e-01  0.0000
 -9.69499307e-01  0.0000
  8.33678561e-02  0.0000
 -7.04839830e-02  0.0000
 -9.86464208e-01  0.0000
 -6.96195725e-01  0.0000
  8.75536646e-01  0.0000
 -1.34476651e+00  0.0000
  9.18020385e-02  0.0000
  4.34461137e-02  0.0000
  1.04610414e-01  0.0000
 -7.88650144e-01  0.0000
 -9.61919464e-01  0.0000
 -8.09285726e-01  0.0000
 -4.11004915e-01  0.0000
 -3.83832629e-01  0.0000
  2.43863150e-01  0.0000
 -1.10011141e+00  0.0000
  2.66298840e-01  0.0000
  1.63476550e-01  0.0000
  9.91088588e-02  0.0000
 -7.21447877e-01  0.0000
 -5.87527840e-02  0.0000
  2.38938803e-01  0.0000
 -1.10599201e+00  0.0000
 -7.70101235e-01  0.0000
  7.90016276e-01  0.0000
 -1.40906096e+00  0.0000
  3.43364291e-01  0.0000
 -4.05503014e-01  0.0000
  1.55822211e-01  0.0000
 -9.26043092e-01  0.0000
 -1.12410817e+00  0.0000
 -9.46030726e-01  0.0000
 -6.60805965e-01  0.0000
 -4.77508806e-01  0.0000
 -5.23605273e-01  0.0000
 -9.52904581e-01  0.0000
  1.26631006e-01  0.0000
  7.07006292e-01  0.0000
  2.77263302e-01  0.0000
 -7.65943895e-02  0.0000
 -2.39769544e-01  0.0000
  1.05589215e-01  0.0000
 -7.99272883e-01  0.0000
 -1.42672384e-01  0.0000
  7.99363734e-01  0.0000
 -1.19519413e+00  0.0000
  1.90124052e-01  0.0000
  8.68076868e-02  0.0000
 -7.72441825e-03  0.0000
 -1.23833434e-01  0.0000
 -8.52041283e-01  0.0000
 -9.35205769e-01  0.0000
 -6.23832187e-01  0.0000
 -5.86356970e-01  0.0000
  2.85068055e-01  0.0000
 -3.43595206e-01  0.0000
 -1.52404635e-01  0.0000
  1.27584293e+00  0.0000
  1.03931937e+00  0.0000
  5.06540018e-01  0.0000
  7.69965244e-02  0.0000
 -2.31968908e-01  0.0000
 -5.46793088e-01  0.0000
  3.75966282e-01  0.0000
  4.90516120e-01  0.0000
 -6.14704324e-01  0.0000
 -3.79871179e-02  0.0000
  1.15986887e-01  0.0000
  1.19383550e-01  0.0000
  4.89390654e-01  0.0000
 -4.68692821e-01  0.0000
 -4.38252199e-01  0.0000
 -5.21119875e-01  0.0000
 -6.18880313e-01  0.0000
  1.33755469e-02  0.0000
 -2.12500484e-02  0.0000
  4.87139265e-02  0.0000
  1.10025197e+00  0.0000
  2.22341767e+00  0.0000
  5.59569737e-01  0.0000
  1.11527885e-01  0.0000
 -1.90730833e-01  0.0000
 -2.93949932e-01  0.0000
  6.42719448e-01  0.0000
  3.35249533e-01  0.0000
 -4.62035650e-01  0.0000
 -2.03026621e-02  0.0000
 -2.39578077e-01  0.0000
 -5.83209257e-02  0.0000
  6.02117439e-01  0.0000
 -2.93919598e-01  0.0000
  1.80083373e-03  0.0000
 -9.15023387e-01  0.0000
 -4.56280514e-01  0.0000
 -6.30686675e-02  0.0000
 -7.21865432e-02  0.0000
  1.11909981e-01  0.0000
  8.48321092e-01  0.0000
  2.07718159e+00  0.0000
  4.11438807e-01  0.0000
 -3.95518636e-01  0.0000
  4.05986809e-01  0.0000
 -3.26924898e-01  0.0000
  2.90371766e-01  0.0000
  3.31073795e-01  0.0000
 -4.49003293e-01  0.0000
 -3.21161167e-03  0.0000
  2.45689678e-01  0.0000
 -1.33623044e-01  0.0000
  2.74761382e-01  0.0000
 -4.93233340e-01  0.0000
 -4.09159332e-01  0.0000
 -2.39015648e+00  0.0000
 -3.06297053e-01  0.0000
  3.85107677e-02  0.0000
 -1.98865074e-02  0.0000
 -1.83757966e-01  0.0000
  8.24620324e-01  0.0000
  6.39797437e-01  0.0000
 -1.46867659e-01  0.0000
  7.48389655e-02  0.0000
  2.82533461e-01  0.0000
 -5.78147773e-01  0.0000
  6.98308105e-03  0.0000
  4.22171611e-01  0.0000
 -6.31386801e-01  0.0000
  1.20878537e-01  0.0000
 -1.09543470e-01  0.0000
  2.99341583e-01  0.0000
  6.24883206e-02  0.0000
 -6.59944401e-01  0.0000
 -2.50685688e+00  0.0000
 -2.82069669e+00  0.0000
 -3.05138938e-01  0.0000
  9.98816239e-02  0.0000
 -1.79621971e-01  0.0000
  2.68935332e-01  0.0000
  8.64901455e-01  0.0000
  1.00952389e-01  0.0000
 -2.78895143e-01  0.0000
 -3.81951088e-02  0.0000
 -1.28908733e+00  0.0000
 -5.82560613e-01  0.0000
 -8.17977365e-02  0.0000
  4.74419888e-01  0.0000
 -3.97608412e-01  0.0000
  3.33683879e-01  0.0000
 -2.96594641e-01  0.0000
 -1.70542587e-01  0.0000
 -2.44940090e-01  0.0000
 -5.18494529e-01  0.0000
 -4.05222316e+00  0.0000
 -4.55008742e-01  0.0000
 -3.60455046e-01  0.0000
 -3.06813783e-01  0.0000
 -7.27034147e-01  0.0000
 -1.58283289e-01  0.0000
  1.32187141e-03  0.0000
  4.13737260e-02  0.0000
  9.18996595e-02  0.0000
 -2.54679478e-01  0.0000
 -2.05949216e-01  0.0000
  5.61345452e-02  0.0000
 -7.48517022e-02  0.0000
  1.50820983e-02  0.0000
 -1.00056559e-01  0.0000
 -3.03824576e-01  0.0000
 -2.64085404e-01  0.0000
  7.65000430e-01  0.0000
  1.11938993e-01  0.0000
 -2.80310100e-05  0.0000
 -1.91651556e-02  0.0000
  9.14904837e-02  0.0000
 -1.93997680e-02  0.0000
  4.63435772e-01  0.0000
 -4.76595325e-02  0.0000
  9.24935603e-01  0.0000
  1.07053750e-01  0.0000
  4.41745864e-02  0.0000
 -7.83233471e-02  0.0000
 -1.60781036e-01  0.0000
 -2.52936308e-01  0.0000
 -1.54816887e-02  0.0000
  5.14073006e-02  0.0000
  3.33256028e-02  0.0000
 -5.72813273e-03  0.0000
 -1.04982820e-02  0.0000
 -1.86240942e-01  0.0000
  6.14996621e-01  0.0000
  9.02087871e-02  0.0000
  1.01137475e-01  0.0000
  1.90389383e-03  0.0000
  3.13509901e-02  0.0000
 -4.54298558e-03  0.0000
  2.62859668e-01  0.0000
 -6.35936958e-03  0.0000
  3.96448613e-01  0.0000
 -4.78096741e-02  0.0000
 -1.24456226e-01  0.0000
 -1.11733249e-01  0.0000
  2.70475714e-03  0.0000
 -1.97043594e-01  0.0000
 -2.42437242e-02  0.0000
 -1.00966526e-02  0.0000
 -5.20741000e-02  0.0000
 -1.04399668e-01  0.0000
  1.48088695e-01  0.0000
 -9.10314719e-02  0.0000
  4.06741192e-01  0.0000
  2.16853277e-01  0.0000
 -8.99415986e-02  0.0000
  1.19770803e-01  0.0000
 -1.49497417e-01  0.0000
  9.69140933e-02  0.0000
  1.43642413e-01  0.0000
 -8.57389909e-02  0.0000
 -2.94796380e-01  0.0000
  6.85208088e-03  0.0000
 -2.23162279e-01  0.0000
 -1.78656743e-01  0.0000
  1.66388683e-01  0.0000
 -2.20162760e-01  0.0000
  1.40472021e-02  0.0000
 -3.02246072e-03  0.0000
 -4.78117057e-02  0.0000
  5.78069941e-02  0.0000
  3.19211393e-01  0.0000
 -1.01975078e-01  0.0000
  2.44241239e-01  0.0000
  3.19925571e-01  0.0000
 -3.42851283e-02  0.0000
  5.75591999e-02  0.0000
 -1.63516630e-01  0.0000
  1.21941785e-02  0.0000
  1.40166215e-01  0.0000
 -1.42330174e-01  0.0000
 -4.92660323e-01  0.0000
 -1.09512124e-01  0.0000
 -5.16571599e-01  0.0000
 -2.02992338e-01  0.0000
  4.61976548e-02  0.0000
 -3.61557910e-01  0.0000
 -5.63233872e-02  0.0000
  1.62715332e-02  0.0000
 -8.99210778e-02  0.0000
  6.42268303e-02  0.0000
  3.30241235e-01  0.0000
 -3.71322212e-01  0.0000
  2.23519009e-01  0.0000
  2.92675640e-01  0.0000
 -1.46178337e-02  0.0000
  1.20935599e-01  0.0000
 -1.30460726e-01  0.0000
  1.84837220e-01  0.0000
  1.24188663e-01  0.0000
 -7.05072035e-02  0.0000
 -3.14530567e-01  0.0000
 -1.42841494e-01  0.0000
 -4.78660076e-01  0.0000
 -1.09118518e-01  0.0000
 -1.70074638e-01  0.0000
 -5.79865890e-01  0.0000
  9.80786491e-02  0.0000
 -4.19315626e-02  0.0000
 -3.55168189e-03  0.0000
  7.94791627e-02  0.0000
  1.75088097e-01  0.0000
 -6.97075633e-01  0.0000
  3.40053217e-01  0.0000
  2.79630458e-01  0.0000
  1.64249474e-02  0.0000
 -1.19916316e-01  0.0000
 -1.29663177e-01  0.0000
  7.02548083e-02  0.0000
  4.16339229e-01  0.0000
 -8.17473062e-02  0.0000
  5.32200961e-02  0.0000
 -4.56085651e-03  0.0000
 -3.42814765e-01  0.0000
 -1.45610527e-01  0.0000
 -7.79918568e-01  0.0000
 -8.54777342e-01  0.0000
  9.71996769e-02  0.0000
  2.70110815e-03  0.0000
  5.39534280e-02  0.0000
 -4.35292240e-02  0.0000
  1.12382491e-01  0.0000
 -6.36040529e-01  0.0000
  4.91090231e-01  0.0000
 -5.84391838e-02  0.0000
  8.58439996e-02  0.0000
 -3.38934599e-01  0.0000
  1.99231909e-01  0.0000
 -3.76980772e-03  0.0000
  7.59935026e-01  0.0000
 -2.97984777e-01  0.0000
 -1.73466118e-01  0.0000
  3.78573779e-02  0.0000
 -6.24499418e-02  0.0000
 -1.96585081e-01  0.0000
 -8.42860882e-01  0.0000
 -5.66309640e-01  0.0000
 -4.14173397e-02  0.0000
 -1.43880379e-01  0.0000
 -3.28260932e-02  0.0000
 -1.05365339e-01  0.0000
 -1.26705973e-01  0.0000
 -5.35641310e-01  0.0000
  2.62103670e-01  0.0000
  8.27489765e-02  0.0000
  1.60454200e-01  0.0000
 -2.31458152e-01  0.0000
  2.54867445e-01  0.0000
  4.74892142e-02  0.0000
  6.18413970e-01  0.0000
 -1.17135648e-01  0.0000
 -3.84196961e-01  0.0000
  1.18344420e-01  0.0000
  1.42476980e-01  0.0000
 -1.77186765e-01  0.0000
 -3.40097021e-01  0.0000
 -1.78266248e-01  0.0000
  2.34364482e-02  0.0000
 -6.68274480e-02  0.0000
 -6.38491955e-02  0.0000
  4.54526466e-02  0.0000
 -4.02024424e-01  0.0000
 -4.06192010e-01  0.0000
 -9.92715595e-02  0.0000
  3.08482048e-01  0.0000
  7.39577832e-02  0.0000
 -1.61577396e-01  0.0000
  3.99046542e-01  0.0000
 -3.96907417e-02  0.0000
  2.24324459e-01  0.0000
 -2.13606620e-01  0.0000
 -2.30412258e-02  0.0000
  7.72183566e-02  0.0000
  1.39637768e-01  0.0000
 -2.02384304e-01  0.0000
  1.86586716e-01  0.0000
 -1.09214254e-01  0.0000
  7.41244456e-02  0.0000
 -3.21289245e-02  0.0000
 -1.28625320e-02  0.0000
  1.11817650e-02  0.0000
 -1.98007010e-01  0.0000
  9.01129263e-02  0.0000
 -4.12700726e-01  0.0000
  3.33043749e-01  0.0000
  7.88869930e-02  0.0000
 -8.98821156e-02  0.0000
  2.86094608e-01  0.0000
  1.04890189e-01  0.0000
 -9.08045357e-02  0.0000
  1.09154475e-03  0.0000
 -1.71127852e-01  0.0000
  7.59966946e-02  0.0000
  4.45801367e-02  0.0000
 -1.57752794e-03  0.0000
  4.63458023e-01  0.0000
  1.28857958e-01  0.0000
 -4.13055894e-02  0.0000
  1.23242993e-02  0.0000
 -7.66147870e-02  0.0000
  4.12184440e-02  0.0000
 -2.00103394e-01  0.0000
 -8.85650036e-02  0.0000
 -1.01069406e-01  0.0000
  2.85851764e-01  0.0000
  3.33600941e-02  0.0000
 -2.06922178e-02  0.0000
  1.83016872e-01  0.0000
  4.97245663e-02  0.0000
 -9.16404253e-02  0.0000
  1.04007059e-02  0.0000
 -8.56044436e-02  0.0000
  8.83279881e-02  0.0000
 -3.47030959e-02  0.0000
  4.70261665e-02  0.0000
  5.38870604e-01  0.0000
  2.16270452e-02  0.0000
  3.83032346e-02  0.0000
 -4.03489179e-02  0.0000
 -5.66873470e-02  0.0000
 -4.68510543e-02  0.0000
 -1.29912293e-01  0.0000
 -1.90552574e-01  0.0000
  3.27049334e-01  0.0000
  4.54315699e-03  0.0000
  6.50437157e-02  0.0000
 -5.37789135e-02  0.0000
 -4.60713794e-02  0.0000
 -5.81084298e-02  0.0000
  1.05122138e-01  0.0000
  8.06284156e-06  0.0000
  4.21645461e-01  0.0000
 -3.89527002e-02  0.0000
  1.00826957e-01  0.0000
  2.64380068e-02  0.0000
 -2.14698938e-01  0.0000
 -1.47477323e-01  0.0000
 -9.59935614e-02  0.0000
  9.76011160e-02  0.0000
 -3.54690815e-03  0.0000
  9.02700786e-02  0.0000
 -4.02110922e-02  0.0000
  4.18803479e-02  0.0000
  1.72772059e-01  0.0000
 -5.12955426e-02  0.0000
  5.01039592e-02  0.0000
 -3.04990476e-03  0.0000
  1.06504925e-01  0.0000
  6.92046503e-02  0.0000
 -1.15254728e-01  0.0000
 -9.32889982e-02  0.0000
  1.51780970e-01  0.0000
  4.37772585e-02  0.0000
 -4.89034220e-02  0.0000
  1.02206014e-01  0.0000
 -1.32684566e-01  0.0000
 -1.31717545e-01  0.0000
  4.68871359e-02  0.0000
 -6.07180864e-02  0.0000
 -6.43364927e-02  0.0000
  6.47170793e-02  0.0000
  4.29085736e-02  0.0000
  1.48819671e-02  0.0000
 -2.54830331e-02  0.0000
 -2.67524152e-02  0.0000
  6.05986058e-02  0.0000
 -6.40792067e-02  0.0000
 -3.59998287e-02  0.0000
  5.05514567e-02  0.0000
  2.62535888e-02  0.0000
 -9.97377698e-02  0.0000
 -1.23264850e-01  0.0000
 -6.10068836e-02  0.0000
 -9.91126164e-02  0.0000
 -1.08147029e-01  0.0000
  7.42166233e-02  0.0000
  5.93689951e-02  0.0000
 -8.22094448e-02  0.0000
 -3.81757325e-03  0.0000
  6.87632585e-02  0.0000
  3.68898593e-02  0.0000
  4.71739065e-02  0.0000
 -5.65332528e-02  0.0000
 -5.99663115e-02  0.0000
  3.18413658e-02  0.0000
  5.51028695e-02  0.0000
 -9.98828866e-03  0.0000
 -5.53134416e-02  0.0000
  7.03358849e-02  0.0000
  9.26762992e-02  0.0000
  6.85927451e-03  0.0000
  3.32891809e-02  0.0000
  1.18990978e-02  0.0000
  7.18410613e-02  0.0000
  5.41865676e-02  0.0000
  4.00984412e-01  0.0000
 -6.44269078e-02  0.0000
 -1.09357331e-01  0.0000
 -2.07071834e-02  0.0000
  1.01121232e-01  0.0000
  5.18415421e-02  0.0000
  2.21849180e-03  0.0000
 -2.97501991e-01  0.0000
 -2.10987798e-03  0.0000
  3.71837882e-02  0.0000
  2.96303164e-02  0.0000
  2.83265239e-02  0.0000
  4.14060158e-02  0.0000
 -3.27983833e-02  0.0000
  1.60719625e-01  0.0000
 -1.14099534e-01  0.0000
  1.91672914e-01  0.0000
  2.42547106e-02  0.0000
 -5.85555563e-02  0.0000
  9.61215127e-02  0.0000
  3.32660059e-01  0.0000
 -1.81622294e-02  0.0000
  3.72320734e-02  0.0000
  1.27312096e-02  0.0000
  7.08789503e-02  0.0000
 -8.34393176e-02  0.0000
 -7.76983548e-02  0.0000
 -2.92956887e-01  0.0000
 -3.31938995e-02  0.0000
 -6.16847842e-03  0.0000
  1.59090986e-02  0.0000
 -1.58155777e-01  0.0000
  3.36976180e-02  0.0000
 -3.52164324e-02  0.0000
  3.55833018e-03  0.0000
 -1.98942923e-01  0.0000
  2.55023565e-01  0.0000
 -7.44771027e-02  0.0000
  8.51651329e-02  0.0000
  9.93323741e-02  0.0000
  2.06365159e-01  0.0000
 -2.06591878e-01  0.0000
  1.45658247e-02  0.0000
  8.44408938e-03  0.0000
  2.41747596e-02  0.0000
  5.19223101e-02  0.0000
 -7.56758131e-03  0.0000
 -5.90649879e-01  0.0000
 -1.95123999e-01  0.0000
 -1.03109602e-01  0.0000
  7.36110482e-02  0.0000
 -1.50230931e-01  0.0000
  2.81712241e-01  0.0000
  2.64661683e-02  0.0000
 -2.89878714e-01  0.0000
 -1.26126028e-01  0.0000
  5.13218436e-02  0.0000
  9.12905189e-02  0.0000
  1.53082709e-01  0.0000
  4.43904392e-03  0.0000
 -3.11505948e-01  0.0000
 -4.23465310e-01  0.0000
  7.38157907e-02  0.0000
 -1.37117621e-02  0.0000
  6.39507150e-02  0.0000
 -9.01019036e-02  0.0000
  1.67777284e-01  0.0000
 -3.38000436e-01  0.0000
 -6.07907506e-01  0.0000
 -8.29988091e-02  0.0000
  1.01190852e-02  0.0000
 -3.52835967e-01  0.0000
  3.13809854e-01  0.0000
 -6.72681799e-02  0.0000
 -6.35444611e-02  0.0000
 -1.38149961e-01  0.0000
 -1.23125676e-01  0.0000
  9.94156928e-02  0.0000
  1.03708848e-01  0.0000
  5.39180228e-02  0.0000
 -1.83222249e-01  0.0000
 -2.70820323e-01  0.0000
 -6.05854904e-02  0.0000
  4.42264568e-02  0.0000
  9.92417424e-02  0.0000
  9.49157234e-02  0.0000
  1.14631430e-01  0.0000
 -3.63587746e-02  0.0000
 -1.61627584e-01  0.0000
  1.65725642e-03  0.0000
  7.72648322e-02  0.0000
 -1.94184154e-01  0.0000
  2.90991364e-01  0.0000
 -4.69092797e-03  0.0000
 -4.91294280e-02  0.0000
 -1.66119978e-01  0.0000
  1.90055533e-01  0.0000
  9.51024536e-02  0.0000
 -9.78476561e-03  0.0000
  8.02874215e-02  0.0000
 -1.34890402e-01  0.0000
 -2.47131100e-03  0.0000
 -5.29024123e-02  0.0000
 -1.64537614e-02  0.0000
  7.85674273e-02  0.0000
  7.28285030e-02  0.0000
 -1.76771583e-02  0.0000
 -1.41127329e-01  0.0000
 -9.34223238e-02  0.0000
  1.16271599e-03  0.0000
 -6.04669400e-03  0.0000
  3.93394032e-02  0.0000
 -9.61139453e-04  0.0000
  1.47150905e-03  0.0000
 -1.44804448e-01  0.0000
 -5.78461958e-02  0.0000
  1.64398204e-01  0.0000
 -8.84913668e-02  0.0000
 -1.16888201e-01  0.0000
 -3.64473341e-02  0.0000
 -3.09331396e-01  0.0000
  2.08993374e-01  0.0000
  5.71063710e-02  0.0000
 -1.07387305e-01  0.0000
 -7.61156120e-02  0.0000
  8.29022437e-02  0.0000
  1.13243372e-01  0.0000
 -1.65289564e-01  0.0000
 -2.96104226e-01  0.0000
  5.03960637e-02  0.0000
 -4.25148353e-02  0.0000
  2.22760869e-01  0.0000
 -2.14986102e-01  0.0000
 -5.60082197e-02  0.0000
  8.49421920e-02  0.0000
  3.89869187e-02  0.0000
 -1.23527160e-01  0.0000
 -5.32955415e-02  0.0000
 -6.89295172e-02  0.0000
 -1.73629801e-02  0.0000
 -9.03340899e-02  0.0000
  1.94403021e-01  0.0000
 -3.22647855e-02  0.0000
 -1.15180530e-01  0.0000
 -7.46825813e-02  0.0000
 -4.83078581e-02  0.0000
  1.11655772e-01  0.0000
  1.45629424e-01  0.0000
 -1.80109583e-01  0.0000
  1.24046492e-01  0.0000
 -5.60643444e-02  0.0000
  1.47838533e-01  0.0000
 -1.59874207e-01  0.0000
  5.58983750e-02  0.0000
 -6.65348642e-02  0.0000
  1.90764031e-01  0.0000
  1.11783115e-01  0.0000
  3.69019158e-02  0.0000
 -1.47728038e-01  0.0000
 -1.02421608e-01  0.0000
  3.39155222e-04  0.0000
  2.43178498e-01  0.0000
  8.46495202e-02  0.0000
 -2.33125594e-02  0.0000
 -1.02642893e-01  0.0000
  8.51947285e-02  0.0000
 -8.33206003e-03  0.0000
  1.89504778e-01  0.0000
 -3.58023407e-02  0.0000
 -8.83615481e-03  0.0000
 -2.95414111e-02  0.0000
  2.34109358e-01  0.0000
 -1.69996465e-01  0.0000
  7.23843333e-02  0.0000
 -2.53295717e-01  0.0000
  1.45219845e-01  0.0000
  8.43705876e-02  0.0000
  1.03555392e-01  0.0000
  7.73287058e-02  0.0000
 -5.36652869e-02  0.0000
 -3.67064159e-01  0.0000
 -2.80486515e-01  0.0000
 -4.28491583e-03  0.0000
 -3.74648609e-02  0.0000
 -3.66311199e-03  0.0000
  9.39840345e-03  0.0000
  4.65416687e-01  0.0000
 -5.70355693e-01  0.0000
  2.48841882e-01  0.0000
  4.80473916e-02  0.0000
  3.78122954e-02  0.0000
 -9.97132937e-02  0.0000
  9.47954700e-02  0.0000
 -9.30234325e-02  0.0000
  1.87617767e+00  0.0000
  5.52468705e-03  0.0000
  2.05815862e-01  0.0000
 -3.43985785e-02  0.0000
  4.34415343e-02  0.0000
 -2.43600710e-02  0.0000
 -3.63390101e-01  0.0000
 -5.98307989e-01  0.0000
  5.31516642e-02  0.0000
  8.28410529e-02  0.0000
 -4.28546554e-02  0.0000
  3.88395179e-02  0.0000
  4.20532713e-01  0.0000
 -5.02105689e-01  0.0000
 -1.78369807e-01  0.0000
  6.33734048e-02  0.0000
 -1.17659516e-01  0.0000
 -1.74167121e-02  0.0000
  1.73515374e-01  0.0000
  4.59518620e-03  0.0000
  3.11239058e-01  0.0000
  3.20896060e-02  0.0000
 -2.68941178e-01  0.0000
 -4.92269128e-02  0.0000
 -1.09401683e-02  0.0000
 -9.76928833e-02  0.0000
 -1.77506271e-01  0.0000
 -9.10202991e-01  0.0000
  3.98540069e-02  0.0000
 -1.01330873e-01  0.0000
 -3.28428760e-03  0.0000
 -4.20555341e-02  0.0000
  2.45761920e-01  0.0000
 -2.33013496e-01  0.0000
 -2.82739767e-01  0.0000
 -6.17176870e-02  0.0000
  3.88788731e-02  0.0000
 -1.13620503e-02  0.0000
 -4.57340487e-02  0.0000
  1.49464564e-02  0.0000
 -6.57097857e-01  0.0000
  2.27895771e-02  0.0000
 -1.72239583e-01  0.0000
 -5.08154776e-02  0.0000
 -1.51248559e-01  0.0000
 -2.92983969e-02  0.0000
  4.76499878e-02  0.0000
 -1.02085235e+00  0.0000
  1.06384019e-02  0.0000
 -1.81084514e-02  0.0000
  9.69911607e-02  0.0000
 -6.51785638e-02  0.0000
 -1.19977834e-01  0.0000
  6.37529825e-02  0.0000
 -2.64055073e-01  0.0000
  5.62180378e-02  0.0000
 -3.90246057e-02  0.0000
 -8.44210347e-02  0.0000
  2.26183654e-02  0.0000
 -1.12528472e-01  0.0000
 -8.55281709e-01  0.0000
 -1.59843044e-01  0.0000
  3.12488635e-01  0.0000
 -1.26627805e-01  0.0000
 -1.85962423e-01  0.0000
  5.81940153e-02  0.0000
 -1.14278776e-01  0.0000
 -1.04107684e+00  0.0000
 -1.97528923e-02  0.0000
  1.37894161e-01  0.0000
 -3.73512118e-02  0.0000
 -6.30910913e-02  0.0000
 -2.47579211e-01  0.0000
  4.25913938e-01  0.0000
 -5.57860208e-03  0.0000
 -9.71375638e-03  0.0000
  4.69431230e-02  0.0000
 -1.39738607e-01  0.0000
 -1.15875781e-01  0.0000
 -5.22429471e-02  0.0000
 -5.47185500e-01  0.0000
 -2.04748715e-01  0.0000
  3.76822930e-01  0.0000
 -4.38074621e-03  0.0000
  2.84868222e-03  0.0000
  2.02017408e-01  0.0000
 -1.02162318e-01  0.0000
 -5.70963772e-01  0.0000
 -9.77474731e-02  0.0000
  4.98272692e-02  0.0000
 -4.13734326e-03  0.0000
 -1.92035088e-02  0.0000
 -1.88025869e-01  0.0000
  2.71599239e-01  0.0000
  1.26818287e-01  0.0000
  3.19305297e-02  0.0000
  8.21243562e-03  0.0000
 -2.02105754e-01  0.0000
 -8.68685551e-02  0.0000
 -9.95518686e-02  0.0000
 -4.33635045e-02  0.0000
 -1.15415778e-01  0.0000
 -1.45237003e-01  0.0000
  1.21640053e-02  0.0000
  2.00889579e-01  0.0000
  2.00953018e-01  0.0000
 -1.24140043e-02  0.0000
 -4.82741550e-02  0.0000
  4.85028599e-02  0.0000
  4.11757173e-02  0.0000
  3.67412201e-02  0.0000
 -6.02672202e-02  0.0000
  4.85521408e-01  0.0000
 -4.41629096e-01  0.0000
  3.06553042e-01  0.0000
  1.57298032e-01  0.0000
  2.65158639e-02  0.0000
 -3.80146798e-01  0.0000
  1.20074329e-01  0.0000
 -8.86782470e-02  0.0000
 -6.92413742e-02  0.0000
 -2.32931217e-01  0.0000
  1.66141412e-02  0.0000
  1.11952922e-01  0.0000
  4.13218545e-01  0.0000
  5.22989497e-02  0.0000
  6.76965416e-02  0.0000
  6.96392671e-04  0.0000
  6.83486182e-02  0.0000
  7.87456460e-02  0.0000
  4.88354541e-02  0.0000
  6.07898117e-02  0.0000
  2.23878101e-02  0.0000
  3.34156158e-01  0.0000
 -1.60751328e-01  0.0000
  1.04817933e-01  0.0000
  1.26389929e-01  0.0000
 -4.25813544e-01  0.0000
  5.50280470e-02  0.0000
 -2.76037036e-02  0.0000
 -3.50903408e-01  0.0000
 -3.11961312e-01  0.0000
  2.60684405e-01  0.0000
  1.32635356e-01  0.0000
  7.54834019e-01  0.0000
  2.08272422e-02  0.0000
  2.16693543e-01  0.0000
 -4.66899065e-02  0.0000
  2.21102527e-02  0.0000
  3.58765532e-02  0.0000
  5.58013524e-02  0.0000
 -1.44486610e-02  0.0000
 -1.44744989e-01  0.0000
  9.85021246e-02  0.0000
 -3.12736321e-01  0.0000
  6.91208001e-02  0.0000
  2.59453539e-02  0.0000
 -2.24412991e-01  0.0000
  4.57362331e-01  0.0000
 -2.05839594e-01  0.0000
  4.52258795e-03  0.0000
 -2.59902945e-01  0.0000
 -2.08300776e-01  0.0000
  8.16531036e-02  0.0000
  1.01647739e+00  0.0000
 -5.74379143e-02  0.0000
 -2.25422291e-01  0.0000
 -2.11342305e-01  0.0000
  1.24151214e-02  0.0000
 -9.84960362e-02  0.0000
  2.00270750e-01  0.0000
  6.99354471e-02  0.0000
  1.04603321e-01  0.0000
 -4.61295525e-01  0.0000
  1.37386438e-01  0.0000
  5.88090960e-02  0.0000
  1.30065430e-01  0.0000
  2.31948419e-01  0.0000
  4.43789509e-01  0.0000
 -1.90845079e-01  0.0000
  1.64050393e-01  0.0000
 -2.91271968e-01  0.0000
  2.22558736e-01  0.0000
 -7.77339721e-03  0.0000
  3.90003168e-01  0.0000
  7.29129033e-02  0.0000
 -1.95397666e-01  0.0000
 -5.29646494e-02  0.0000
 -1.00863528e-01  0.0000
 -1.87423394e-02  0.0000
  4.19689257e-02  0.0000
  3.91343826e-03  0.0000
  2.14646833e-01  0.0000
 -1.49114517e-02  0.0000
 -3.94761248e-02  0.0000
  1.49261605e-01  0.0000
 -2.10032290e-02  0.0000
  5.23647481e-01  0.0000
 -1.84562547e-01  0.0000
 -7.74928828e-02  0.0000
 -1.98120978e-01  0.0000
 -1.64380626e-01  0.0000
 -4.19833847e-01  0.0000
 -1.08279498e-01  0.0000
 -2.11822345e-01  0.0000
 -1.90474503e-01  0.0000
  5.01569899e-01  0.0000
  6.09393020e-01  0.0000
 -1.21818951e-02  0.0000
 -1.32472898e-01  0.0000
 -2.39856545e-02  0.0000
  9.46996562e-02  0.0000
 -4.64584794e-02  0.0000
 -8.82609797e-01  0.0000
  3.70511639e-01  0.0000
  2.30131705e-01  0.0000
 -1.26475318e-01  0.0000
  5.72261233e-01  0.0000
 -6.26657094e-01  0.0000
  5.42643892e-02  0.0000
 -3.16319733e-01  0.0000
  1.69182551e-01  0.0000
  4.12000893e-01  0.0000
  6.10334491e-02  0.0000
  1.54258512e-01  0.0000
 -5.36374325e-02  0.0000
 -3.34258380e-01  0.0000
 -1.12787918e+00  0.0000
  4.07353490e-02  0.0000
 -1.00071305e-01  0.0000
  1.37887607e-01  0.0000
 -3.65381733e-02  0.0000
  2.03613921e-01  0.0000
 -6.02810926e-01  0.0000
  4.93900390e-01  0.0000
 -1.57854680e-01  0.0000
 -2.58040176e-02  0.0000
 -1.57263379e-01  0.0000
  1.40108135e-01  0.0000
 -1.25865468e-01  0.0000
  8.26215713e-02  0.0000
 -1.71121036e-01  0.0000
  2.18771535e-01  0.0000
  4.78699988e-02  0.0000
  8.71534021e-02  0.0000
 -2.06153828e-01  0.0000
 -2.08396958e-01  0.0000
 -1.46558335e+00  0.0000
 -4.82260724e-02  0.0000
 -1.89014502e-01  0.0000
  1.02761943e-01  0.0000
 -8.37660179e-02  0.0000
  4.25415882e-01  0.0000
 -3.28129836e-01  0.0000
  1.44042177e-01  0.0000
 -2.53715515e-01  0.0000
 -1.96519550e-01  0.0000
 -1.67734440e-01  0.0000
  1.34399202e-03  0.0000
 -4.79532246e-02  0.0000
 -3.68384268e-02  0.0000
 -1.28841732e-01  0.0000
 -4.40095463e-01  0.0000
 -8.05420662e-03  0.0000
  1.44000461e-01  0.0000
 -2.87195547e-01  0.0000
 -9.02700956e-02  0.0000
 -1.44425854e+00  0.0000
 -1.97720359e-01  0.0000
 -2.17457189e-01  0.0000
  1.01681217e-01  0.0000
 -2.60949683e-01  0.0000
  4.16442147e-01  0.0000
  5.53947800e-02  0.0000
  1.67662934e-03  0.0000
 -3.00724386e-01  0.0000
 -1.02832946e-01  0.0000
 -4.24947363e-02  0.0000
 -6.26132922e-02  0.0000
  2.13374326e-02  0.0000
  1.92118102e-01  0.0000
 -2.46884522e-01  0.0000
 -3.02168462e-01  0.0000
 -1.67000863e-01  0.0000
  1.07631626e-01  0.0000
 -4.86981477e-01  0.0000
  4.27629412e-02  0.0000
 -1.35250019e+00  0.0000
 -3.22752388e-01  0.0000
 -2.63791743e-01  0.0000
  1.57363090e-01  0.0000
 -3.73583814e-01  0.0000
  2.96935663e-01  0.0000
  2.17513420e-01  0.0000
 -2.51338172e-02  0.0000
 -3.67934053e-01  0.0000
 -2.70687222e-01  0.0000
 -1.56315889e-01  0.0000
 -1.08145202e-01  0.0000
 -5.32751407e-02  0.0000
  1.62282637e-01  0.0000
 -4.75494362e-01  0.0000
  3.36125089e-01  0.0000
 -1.58185063e-01  0.0000
  9.19982831e-02  0.0000
 -3.86539058e-01  0.0000
  3.95779020e-02  0.0000
 -8.55105228e-01  0.0000
 -2.23279043e-01  0.0000
 -3.49182304e-01  0.0000
  9.59743952e-02  0.0000
 -3.40591363e-01  0.0000
 -5.37167619e-02  0.0000
  2.27321533e-02  0.0000
  6.63524666e-02  0.0000
 -3.03028449e-01  0.0000
 -2.75459631e-01  0.0000
 -1.02939591e-01  0.0000
 -2.54963519e-01  0.0000
  5.07570020e-02  0.0000
 -1.69493539e-01  0.0000
 -6.24748357e-01  0.0000
  4.87393800e-01  0.0000
 -1.45518637e-01  0.0000
  1.30930150e-01  0.0000
 -2.63603546e-01  0.0000
 -2.34909521e-01  0.0000
 -3.42293704e-01  0.0000
 -2.93032479e-01  0.0000
 -3.95254789e-01  0.0000
  1.21988397e-01  0.0000
 -2.79150936e-01  0.0000
 -2.58808386e-01  0.0000
 -1.81540090e-01  0.0000
 -1.48399162e-01  0.0000
 -2.96705969e-01  0.0000
 -2.17283179e-01  0.0000
 -2.18998586e-01  0.0000
 -1.52942586e-01  0.0000
 -5.70312793e-03  0.0000
 -5.85141173e-01  0.0000
 -4.98987017e-01  0.0000
 -6.87788601e-02  0.0000
 -1.44214083e-02  0.0000
  3.52957898e-01  0.0000
 -9.97340119e-02  0.0000
 -5.31218851e-02  0.0000
  3.69802872e-01  0.0000
 -1.37885136e-01  0.0000
 -2.32774361e-01  0.0000
  1.35248384e-01  0.0000
 -2.20855019e-01  0.0000
 -2.06605618e-02  0.0000
 -6.08078792e-01  0.0000
 -3.55945686e-02  0.0000
 -6.12301827e-02  0.0000
  7.65653172e-03  0.0000
 -6.81386740e-02  0.0000
 -4.80144116e-02  0.0000
 -5.27943569e-02  0.0000
  4.45104508e-01  0.0000
 -2.41495392e-01  0.0000
 -7.83326792e-01  0.0000
 -5.48804748e-02  0.0000
  3.52296528e-01  0.0000
 -1.00799415e-01  0.0000
  1.86440832e-01  0.0000
  1.00670113e-01  0.0000
 -7.64064220e-02  0.0000
 -2.05499490e-01  0.0000
 -5.19363742e-02  0.0000
  7.04224235e-02  0.0000
  3.74229415e-01  0.0000
  4.16447695e-01  0.0000
  3.27354609e-01  0.0000
 -4.41365623e-02  0.0000
  8.03605224e-02  0.0000
 -4.14295098e-03  0.0000
 -2.88448541e-02  0.0000
  3.12442261e-02  0.0000
  7.53692941e-01  0.0000
 -3.69774125e-02  0.0000
  5.29909078e-01  0.0000
  1.31257483e-01  0.0000
  7.64448631e-01  0.0000
 -4.28460462e-02  0.0000
 -1.43787520e-01  0.0000
 -3.38261208e-01  0.0000
  1.05147135e-01  0.0000
  9.17628196e-02  0.0000
 -4.52103532e-02  0.0000
 -5.95316629e-02  0.0000
  6.96101057e-02  0.0000
  3.88532997e-01  0.0000
 -1.69185724e-01  0.0000
 -1.27574041e-01  0.0000
  1.40860176e-01  0.0000
 -1.50158118e-01  0.0000
  3.39007528e-01  0.0000
  1.40626852e-02  0.0000
 -1.10051653e+00  0.0000
  6.73611231e-02  0.0000
  2.76719976e-01  0.0000
  3.36558538e-01  0.0000
  8.24733103e-01  0.0000
  3.50743336e-01  0.0000
 -2.89981877e-01  0.0000
 -4.23019374e-01  0.0000
 -4.35561897e-02  0.0000
  2.06936655e-01  0.0000
  8.87315104e-02  0.0000
 -1.23959235e-01  0.0000
 -1.75090533e-02  0.0000
 -4.41797172e-01  0.0000
 -2.71362991e-04  0.0000
 -1.41761345e-01  0.0000
 -2.31724158e-02  0.0000
 -1.01269947e+00  0.0000
  2.79059713e-01  0.0000
 -2.02318511e-01  0.0000
  6.88610874e-02  0.0000
  1.57774287e-01  0.0000
 -2.53562384e-02  0.0000
  2.81836353e-01  0.0000
  2.17931077e-01  0.0000
  4.83241198e-02  0.0000
  3.47339922e-01  0.0000
 -3.84848682e-01  0.0000
 -2.17418806e-01  0.0000
  1.10524176e-01  0.0000
  2.83853943e-01  0.0000
 -8.78709393e-02  0.0000
  1.45493656e-01  0.0000
 -3.10300397e-01  0.0000
  3.24521418e-01  0.0000
 -6.41702682e-02  0.0000
 -9.46052473e-02  0.0000
 -1.66464250e+00  0.0000
  1.14563023e-02  0.0000
 -1.10170669e-01  0.0000
  3.05800072e-01  0.0000
  1.19280253e-01  0.0000
 -1.08055287e-02  0.0000
  4.12709337e-01  0.0000
 -3.58197943e-02  0.0000
 -1.08745920e-01  0.0000
  2.52430934e-01  0.0000
 -5.61799505e-01  0.0000
 -1.46480398e-01  0.0000
 -3.11527451e-02  0.0000
  1.71579909e-01  0.0000
 -1.51090529e-01  0.0000
  1.62416913e-01  0.0000
 -5.50101290e-02  0.0000
  9.25135444e-02  0.0000
 -7.34948420e-02  0.0000
 -1.73680691e-01  0.0000
 -1.53428033e+00  0.0000
  9.49109798e-02  0.0000
 -2.50395675e-01  0.0000
 -6.72647387e-01  0.0000
 -9.60984769e-02  0.0000
 -2.46142922e-01  0.0000
  6.30176718e-01  0.0000
  3.47504374e-01  0.0000
 -4.61013755e-02  0.0000
 -4.20152262e-02  0.0000
 -1.44681511e+00  0.0000
 -4.69188393e-01  0.0000
 -1.13497781e-01  0.0000
  5.59988326e-01  0.0000
 -5.17409815e-01  0.0000
 -1.44897054e+00  0.0000
 -1.94151217e-01  0.0000
 -6.76831710e-01  0.0000
  2.92208965e-01  0.0000
 -2.89594907e-01  0.0000
 -1.29707759e+00  0.0000
 -4.75330061e-01  0.0000
 -3.18105662e-01  0.0000
 -5.34520698e+00  0.0000
 -5.69708888e-01  0.0000
 -2.42994819e-01  0.0000
  3.98326399e-01  0.0000
 -6.37316121e-02  0.0000
  1.57881530e-01  0.0000
  2.47039500e-01  0.0000
  7.45824511e-02  0.0000
  7.97126115e-02  0.0000
 -1.44299619e-02  0.0000
  2.30243220e-02  0.0000
  5.97188798e-02  0.0000
  1.40195662e-01  0.0000
  1.32968115e-01  0.0000
 -3.10750122e-02  0.0000
 -4.14667920e-02  0.0000
  1.90291311e-01  0.0000
  2.38952731e-01  0.0000
  5.16834219e-01  0.0000
 -5.19898192e-02  0.0000
  1.49126060e-01  0.0000
  2.05158932e-01  0.0000
  9.35440166e-01  0.0000
 -2.84906064e-02  0.0000
 -9.76578186e-02  0.0000
  6.66385267e-01  0.0000
  5.58102593e-01  0.0000
  1.81261856e-01  0.0000
  5.31502011e-01  0.0000
 -6.85236829e-02  0.0000
 -1.63582647e-01  0.0000
  1.40152325e-01  0.0000
  5.24408888e-01  0.0000
  3.46989968e-01  0.0000
 -1.30513330e-01  0.0000
 -1.48821880e-01  0.0000
  3.80852240e-01  0.0000
  4.95989551e-01  0.0000
  6.94481648e-01  0.0000
  7.60994378e-03  0.0000
 -1.74548739e-01  0.0000
 -8.41353876e-03  0.0000
 -3.37610492e-01  0.0000
  7.80270748e-03  0.0000
 -8.40100996e-02  0.0000
  2.09989679e-01  0.0000
  1.59160669e-01  0.0000
 -4.26002670e-02  0.0000
  2.04126328e-01  0.0000
 -1.02385859e-01  0.0000
 -1.01580227e-01  0.0000
  4.08060215e-02  0.0000
  2.34821388e-01  0.0000
  7.72422226e-02  0.0000
 -5.07147786e-03  0.0000
  7.06428862e-02  0.0000
  1.32559547e-01  0.0000
  1.85130043e-01  0.0000
  3.56521405e-01  0.0000
  2.88900869e-02  0.0000
 -1.07897824e-01  0.0000
 -7.54448791e-02  0.0000
 -5.06309223e-01  0.0000
  3.37966156e-01  0.0000
 -2.86036581e-01  0.0000
 -7.81022756e-01  0.0000
 -8.22099702e-01  0.0000
 -4.82634595e-01  0.0000
 -7.73107484e-01  0.0000
 -6.24517927e-02  0.0000
 -9.48312476e-02  0.0000
 -5.19906471e-01  0.0000
 -7.89250625e-01  0.0000
 -5.52268119e-01  0.0000
 -1.95334011e-01  0.0000
 -1.38652186e-01  0.0000
 -5.87089092e-01  0.0000
 -7.76519370e-01  0.0000
 -8.02935954e-01  0.0000
 -3.80389251e-01  0.0000
 -2.87125006e-02  0.0000
  5.76526315e-02  0.0000
  7.79512960e-01  0.0000
  5.08311383e-02  0.0000
 -6.80832688e-01  0.0000
 -1.10189103e+00  0.0000
 -1.17235898e+00  0.0000
 -9.31937080e-01  0.0000
 -1.09682279e+00  0.0000
 -5.71158367e-01  0.0000
 -6.17678781e-01  0.0000
 -9.35091230e-01  0.0000
 -1.01689409e+00  0.0000
 -1.13690750e+00  0.0000
 -5.78085666e-01  0.0000
 -6.50528938e-01  0.0000
 -1.03750865e+00  0.0000
 -1.20929036e+00  0.0000
 -1.19876060e+00  0.0000
 -6.40536955e-01  0.0000
 -2.60202750e-01  0.0000
 -3.80917542e-01  0.0000
 -1.07159335e-01  0.0000
 -6.08188525e-02  0.0000
 -1.46590296e-01  0.0000
 -1.37569197e-02  0.0000
  8.03897124e-02  0.0000
 -1.50642657e-01  0.0000
  2.25789587e-02  0.0000
 -2.27098804e-01  0.0000
 -9.14005176e-02  0.0000
 -1.15868370e-01  0.0000
 -9.70948217e-03  0.0000
 -1.25287412e-01  0.0000
 -1.78823241e-01  0.0000
 -1.91416417e-01  0.0000
  1.36550961e-02  0.0000
 -1.28504759e-02  0.0000
 -8.58490874e-03  0.0000
 -1.76819881e-01  0.0000
 -1.56727158e-01  0.0000
 -1.89408978e-01  0.0000
 -6.81979810e-01  0.0000
 -6.17563615e-02  0.0000
  1.47386377e-02  0.0000
 -3.07296081e-02  0.0000
  1.35665006e-02  0.0000
 -1.05273304e-02  0.0000
  5.46950453e-02  0.0000
 -9.42867294e-02  0.0000
 -3.36441351e-02  0.0000
 -8.11387201e-02  0.0000
 -3.29238658e-02  0.0000
 -3.41212510e-02  0.0000
 -1.24222393e-01  0.0000
 -1.33114301e-01  0.0000
 -2.98538386e-02  0.0000
  1.98554038e-02  0.0000
  1.84702880e-01  0.0000
 -1.06825650e-01  0.0000
 -3.54862754e-02  0.0000
 -1.34108565e-01  0.0000
 -3.16002650e-01  0.0000
  4.84957366e-01  0.0000
 -4.94269389e-02  0.0000
  2.03894930e-01  0.0000
  1.81298575e-01  0.0000
  7.15166545e-02  0.0000
  1.52197620e-01  0.0000
  3.86501970e-02  0.0000
 -2.16211621e-02  0.0000
  1.12288452e-01  0.0000
  7.27228926e-02  0.0000
  1.55464014e-01  0.0000
  2.96402350e-02  0.0000
  9.34879434e-02  0.0000
  1.67969153e-01  0.0000
  2.24241888e-01  0.0000
  2.04422129e-01  0.0000
  5.12296720e-02  0.0000
  4.19140943e-02  0.0000
  4.56724644e-01  0.0000
  8.82779505e-01  0.0000
 -6.45373046e-02  0.0000
 -1.72656717e-01  0.0000
  5.90845484e-03  0.0000
 -1.34133602e-01  0.0000
 -1.16366414e-01  0.0000
 -5.69069383e-02  0.0000
 -9.38918902e-02  0.0000
 -6.76334879e-02  0.0000
 -3.88647421e-02  0.0000
 -1.10718779e-01  0.0000
 -1.68564351e-02  0.0000
 -1.87044268e-01  0.0000
 -2.49788326e-01  0.0000
 -8.75704095e-02  0.0000
 -6.17284537e-02  0.0000
 -1.58937541e-01  0.0000
 -2.21196382e-01  0.0000
  3.08257314e-02  0.0000
 -1.13918141e-01  0.0000
 -5.34031551e-01  0.0000
  4.54993934e-01  0.0000
  3.02779243e-02  0.0000
  6.82273704e-01  0.0000
  6.25833704e-01  0.0000
  3.03543907e-01  0.0000
  5.13204723e-01  0.0000
  2.71343729e-01  0.0000
  1.05372985e-01  0.0000
  3.04646135e-01  0.0000
  5.91073956e-01  0.0000
  3.25274571e-01  0.0000
  1.21117114e-01  0.0000
  2.06515512e-01  0.0000
  4.16031626e-01  0.0000
  5.92941733e-01  0.0000
  6.14348025e-01  0.0000
  2.22689565e-01  0.0000
  2.31818656e-02  0.0000
  3.78976144e-01  0.0000
  4.40545960e-01  0.0000
 -2.70318947e-01  0.0000
  3.15611242e-01  0.0000
  8.68023024e-01  0.0000
  1.00046833e+00  0.0000
  5.98051224e-01  0.0000
  6.62721630e-01  0.0000
  8.63662823e-02  0.0000
  2.95111073e-01  0.0000
  4.22460283e-01  0.0000
  7.25311414e-01  0.0000
  7.53992590e-01  0.0000
  2.80866063e-01  0.0000
  1.04405864e-01  0.0000
  7.54064609e-01  0.0000
  1.06423529e+00  0.0000
  1.35848754e+00  0.0000
  2.69401292e-01  0.0000
  7.38286375e-02  0.0000
 -1.15419877e-01  0.0000
 -6.71367537e-01  0.0000
  3.19511845e-01  0.0000
 -2.71853977e-01  0.0000
 -5.35714233e-01  0.0000
 -6.79686176e-01  0.0000
 -2.21950963e-01  0.0000
 -3.66189893e-01  0.0000
 -6.54985740e-02  0.0000
 -1.93115436e-01  0.0000
 -2.48782952e-01  0.0000
 -4.63371315e-01  0.0000
 -3.87798988e-01  0.0000
 -1.95259683e-01  0.0000
 -1.72061274e-01  0.0000
 -3.37583490e-01  0.0000
 -6.71454423e-01  0.0000
 -9.95826451e-01  0.0000
 -2.39644616e-01  0.0000
 -9.75899297e-02  0.0000
  1.17975368e-02  0.0000
  3.11958029e-01  0.0000
  9.24954583e-02  0.0000
 -1.58831149e-01  0.0000
 -3.06564146e-01  0.0000
 -3.53081561e-01  0.0000
 -2.77852288e-01  0.0000
 -1.72837708e-01  0.0000
 -1.65515168e-01  0.0000
 -1.80733098e-01  0.0000
 -2.54657364e-01  0.0000
 -1.84985529e-01  0.0000
 -3.30525761e-01  0.0000
 -2.30707944e-01  0.0000
 -1.75393679e-01  0.0000
 -3.16585347e-01  0.0000
 -2.57391384e-01  0.0000
 -3.18188429e-01  0.0000
 -8.59075303e-02  0.0000
 -7.56412815e-02  0.0000
  1.68428903e-02  0.0000
 -3.52937306e-01  0.0000
 -1.34364226e-01  0.0000
 -2.15692457e-01  0.0000
  2.34045670e-01  0.0000
  9.99927965e-02  0.0000
 -4.04766176e-02  0.0000
 -3.59613273e-02  0.0000
 -1.74942754e-01  0.0000
 -1.93028472e-01  0.0000
  5.60327968e-02  0.0000
 -6.71157485e-03  0.0000
  6.41389685e-02  0.0000
 -2.11305872e-01  0.0000
 -2.93325878e-01  0.0000
  3.43106846e-02  0.0000
  1.16055081e-01  0.0000
  1.40931448e-01  0.0000
 -1.36143680e-01  0.0000
 -1.67007946e-01  0.0000
 -2.15724220e-01  0.0000
 -7.35808728e-01  0.0000
  6.51287451e-01  0.0000
 -2.98489561e-01  0.0000
 -1.41591508e+00  0.0000
 -1.27369028e+00  0.0000
 -6.77531588e-01  0.0000
 -1.13324646e+00  0.0000
 -8.57920071e-02  0.0000
 -2.33499832e-01  0.0000
 -7.70027018e-01  0.0000
 -1.13824239e+00  0.0000
 -9.72545040e-01  0.0000
 -2.07093787e-01  0.0000
 -2.12396029e-01  0.0000
 -1.07166674e+00  0.0000
 -1.41488719e+00  0.0000
 -1.86391079e+00  0.0000
 -5.02867266e-01  0.0000
  3.13851100e-02  0.0000
  2.98896329e-01  0.0000
 -1.92820166e-01  0.0000
 -6.07623149e-01  0.0000
 -3.20859435e-02  0.0000
  8.85413901e-01  0.0000
  9.47203608e-01  0.0000
  3.54904041e-01  0.0000
  7.00952908e-01  0.0000
 -1.34632081e-01  0.0000
 -8.55553771e-02  0.0000
  3.75206487e-01  0.0000
  7.67553490e-01  0.0000
  5.53302311e-01  0.0000
  1.97157505e-02  0.0000
 -6.56303000e-02  0.0000
  6.55022366e-01  0.0000
  8.78542716e-01  0.0000
  9.69782280e-01  0.0000
  2.34925584e-01  0.0000
 -1.90798880e-01  0.0000
 -2.13530937e-01  0.0000
 -1.09311067e+00  0.0000
 -1.43490443e-01  0.0000
  9.59263063e-03  0.0000
  3.31077513e-02  0.0000
 -5.58073980e-03  0.0000
 -9.65919814e-03  0.0000
  1.09921454e-01  0.0000
 -6.52098279e-02  0.0000
 -7.99988508e-02  0.0000
 -7.36024285e-02  0.0000
  5.17505164e-02  0.0000
 -1.20457661e-03  0.0000
  7.12330647e-03  0.0000
 -3.85371187e-03  0.0000
  4.79119982e-03  0.0000
  1.17841741e-01  0.0000
 -9.96146414e-02  0.0000
 -1.52127281e-02  0.0000
 -6.82498808e-02  0.0000
  1.10194418e-02  0.0000
 -2.58318890e-01  0.0000
  4.96521771e-01  0.0000
 -8.90039816e-01  0.0000
 -2.57774820e+00  0.0000
 -2.52363839e+00  0.0000
 -1.75405860e+00  0.0000
 -2.18962793e+00  0.0000
 -6.13832979e-01  0.0000
 -9.08323476e-01  0.0000
 -1.73374238e+00  0.0000
 -2.27152725e+00  0.0000
 -1.90841776e+00  0.0000
 -1.09294769e+00  0.0000
 -6.28758464e-01  0.0000
 -2.08960379e+00  0.0000
 -2.50971991e+00  0.0000
 -2.93509612e+00  0.0000
 -1.34297156e+00  0.0000
 -3.65419516e-01  0.0000
  2.06411175e-01  0.0000
  1.08777244e+00  0.0000
 -5.92257405e-02  0.0000
 -2.79531381e-01  0.0000
 -4.39885979e-01  0.0000
 -5.05813324e-01  0.0000
 -3.98265306e-01  0.0000
 -5.51459131e-01  0.0000
 -2.75605662e-01  0.0000
 -2.02142318e-01  0.0000
 -3.91143671e-01  0.0000
 -4.41820076e-01  0.0000
 -3.79714829e-01  0.0000
 -2.52862252e-01  0.0000
 -3.26210368e-01  0.0000
 -3.98622288e-01  0.0000
 -5.72869767e-01  0.0000
 -4.16519012e-01  0.0000
 -2.57672133e-01  0.0000
 -2.85108418e-02  0.0000
 -9.05225044e-02  0.0000
 -3.71875928e-01  0.0000
  1.36282408e-01  0.0000
 -4.03892538e-01  0.0000
 -1.67052907e+00  0.0000
 -1.43009583e+00  0.0000
 -9.81671147e-01  0.0000
 -1.38619337e+00  0.0000
 -2.67031282e-01  0.0000
 -4.38589372e-01  0.0000
 -9.92271267e-01  0.0000
 -1.30367519e+00  0.0000
 -9.90702799e-01  0.0000
 -4.35438765e-01  0.0000
 -2.94117471e-01  0.0000
 -1.25275721e+00  0.0000
 -1.32447893e+00  0.0000
 -1.48450622e+00  0.0000
 -6.13540227e-01  0.0000
 -8.32633853e-02  0.0000
  1.62864583e-03  0.0000
  5.74456420e-01  0.0000
  2.76160149e-01  0.0000
 -7.46956046e-02  0.0000
  1.00737562e-01  0.0000
  1.35729584e-01  0.0000
 -1.29920504e-01  0.0000
  8.78379485e-02  0.0000
 -1.60821991e-01  0.0000
 -3.02034135e-01  0.0000
 -7.49672840e-02  0.0000
  8.54390383e-02  0.0000
 -2.79555005e-02  0.0000
 -2.42657284e-01  0.0000
 -1.57513945e-01  0.0000
 -1.80843231e-02  0.0000
  9.85597359e-02  0.0000
  9.57647647e-02  0.0000
 -2.37026077e-01  0.0000
  2.75585615e-02  0.0000
  8.09658704e-02  0.0000
  2.63059982e-01  0.0000
  2.08841020e+00  0.0000
 -8.13080029e-02  0.0000
 -2.73583542e+00  0.0000
 -2.56778000e+00  0.0000
 -1.21981981e+00  0.0000
 -2.14708413e+00  0.0000
  3.15897068e-01  0.0000
  4.27212037e-02  0.0000
 -1.29496170e+00  0.0000
 -2.20518459e+00  0.0000
 -1.58987345e+00  0.0000
 -1.61668648e-01  0.0000
  1.90348210e-01  0.0000
 -1.88589245e+00  0.0000
 -2.56615408e+00  0.0000
 -3.19227045e+00  0.0000
 -6.42314516e-01  0.0000
  6.84003621e-01  0.0000
  1.23635936e+00  0.0000
  3.15356231e+00  0.0000
  4.38057022e+00  0.0000

